{
 "cells": [
  {
   "cell_type": "code",
   "execution_count": 1,
   "metadata": {},
   "outputs": [],
   "source": [
    "import pandas as pd"
   ]
  },
  {
   "cell_type": "code",
   "execution_count": 2,
   "metadata": {},
   "outputs": [],
   "source": [
    "fruit_fz = pd.read_csv('../data/fruit_consumption_frequency.csv')*3\n",
    "fruit_overall = pd.read_csv('../data/fruit_overall_impression.csv')*3\n",
    "fruit_praktisch = pd.read_csv('../data/fruit_practicality.csv')*5\n",
    "fruit_taste = pd.read_csv('../data/fruit_taste.csv')*3\n",
    "fruit_fz = fruit_fz.drop('Horodateur', axis=1)\n",
    "fruit_overall = fruit_overall.drop('Horodateur', axis=1)\n",
    "fruit_praktisch = fruit_praktisch.drop('Horodateur', axis=1)\n",
    "fruit_taste = fruit_taste.drop('Horodateur', axis=1)"
   ]
  },
  {
   "cell_type": "code",
   "execution_count": 10,
   "metadata": {},
   "outputs": [],
   "source": [
    "def corr_per_user(df_fred, df_overall, df_practisch, df_taste):\n",
    "    for i in range (0, 14):\n",
    "        fz_i = df_fred.iloc[i]\n",
    "        overall_i = df_overall.iloc[i] \n",
    "        praktisch_i = df_practisch.iloc[i]\n",
    "        taste_i = df_taste.iloc[i]\n",
    "        concatenated_df = pd.concat([fz_i, overall_i, praktisch_i, taste_i], axis=1, keys=['frequency', 'overall', 'practicality', 'taste'])\n",
    "        correlation_matrix = concatenated_df.corr()\n",
    "        print(correlation_matrix.round(3))"
   ]
  },
  {
   "cell_type": "code",
   "execution_count": 11,
   "metadata": {},
   "outputs": [
    {
     "name": "stdout",
     "output_type": "stream",
     "text": [
      "              frequency  overall  practicality  taste\n",
      "frequency         1.000    0.850         0.344  0.769\n",
      "overall           0.850    1.000         0.335  0.841\n",
      "practicality      0.344    0.335         1.000  0.194\n",
      "taste             0.769    0.841         0.194  1.000\n",
      "              frequency  overall  practicality  taste\n",
      "frequency         1.000    0.609         0.139  0.472\n",
      "overall           0.609    1.000         0.158  0.834\n",
      "practicality      0.139    0.158         1.000  0.222\n",
      "taste             0.472    0.834         0.222  1.000\n",
      "              frequency  overall  practicality  taste\n",
      "frequency         1.000    0.534         0.458  0.156\n",
      "overall           0.534    1.000         0.536  0.646\n",
      "practicality      0.458    0.536         1.000  0.265\n",
      "taste             0.156    0.646         0.265  1.000\n",
      "              frequency  overall  practicality  taste\n",
      "frequency         1.000    0.589         0.047  0.260\n",
      "overall           0.589    1.000         0.000  0.666\n",
      "practicality      0.047    0.000         1.000 -0.008\n",
      "taste             0.260    0.666        -0.008  1.000\n",
      "              frequency  overall  practicality  taste\n",
      "frequency         1.000    0.642         0.482  0.481\n",
      "overall           0.642    1.000         0.697  0.761\n",
      "practicality      0.482    0.697         1.000  0.616\n",
      "taste             0.481    0.761         0.616  1.000\n",
      "              frequency  overall  practicality  taste\n",
      "frequency         1.000    0.899         0.292  0.566\n",
      "overall           0.899    1.000         0.295  0.561\n",
      "practicality      0.292    0.295         1.000  0.639\n",
      "taste             0.566    0.561         0.639  1.000\n",
      "              frequency  overall  practicality  taste\n",
      "frequency         1.000    0.307         0.164  0.273\n",
      "overall           0.307    1.000         0.029  0.677\n",
      "practicality      0.164    0.029         1.000 -0.072\n",
      "taste             0.273    0.677        -0.072  1.000\n",
      "              frequency  overall  practicality  taste\n",
      "frequency         1.000    0.808         0.550  0.704\n",
      "overall           0.808    1.000         0.518  0.853\n",
      "practicality      0.550    0.518         1.000  0.580\n",
      "taste             0.704    0.853         0.580  1.000\n",
      "              frequency  overall  practicality  taste\n",
      "frequency         1.000    0.410         0.129  0.477\n",
      "overall           0.410    1.000         0.405  0.919\n",
      "practicality      0.129    0.405         1.000  0.299\n",
      "taste             0.477    0.919         0.299  1.000\n",
      "              frequency  overall  practicality  taste\n",
      "frequency         1.000    0.239         0.100  0.335\n",
      "overall           0.239    1.000         0.223  0.732\n",
      "practicality      0.100    0.223         1.000  0.130\n",
      "taste             0.335    0.732         0.130  1.000\n",
      "              frequency  overall  practicality  taste\n",
      "frequency         1.000    0.639         0.197  0.751\n",
      "overall           0.639    1.000         0.292  0.726\n",
      "practicality      0.197    0.292         1.000  0.187\n",
      "taste             0.751    0.726         0.187  1.000\n",
      "              frequency  overall  practicality  taste\n",
      "frequency         1.000    0.803         0.540  0.798\n",
      "overall           0.803    1.000         0.605  0.879\n",
      "practicality      0.540    0.605         1.000  0.501\n",
      "taste             0.798    0.879         0.501  1.000\n",
      "              frequency  overall  practicality  taste\n",
      "frequency         1.000    0.749         0.463  0.711\n",
      "overall           0.749    1.000         0.392  0.829\n",
      "practicality      0.463    0.392         1.000  0.397\n",
      "taste             0.711    0.829         0.397  1.000\n",
      "              frequency  overall  practicality  taste\n",
      "frequency         1.000    0.697         0.475  0.793\n",
      "overall           0.697    1.000         0.552  0.740\n",
      "practicality      0.475    0.552         1.000  0.578\n",
      "taste             0.793    0.740         0.578  1.000\n"
     ]
    }
   ],
   "source": [
    "corr_per_user(fruit_fz, fruit_overall, fruit_praktisch, fruit_taste)"
   ]
  },
  {
   "cell_type": "code",
   "execution_count": null,
   "metadata": {},
   "outputs": [],
   "source": []
  }
 ],
 "metadata": {
  "kernelspec": {
   "display_name": "base",
   "language": "python",
   "name": "python3"
  },
  "language_info": {
   "codemirror_mode": {
    "name": "ipython",
    "version": 3
   },
   "file_extension": ".py",
   "mimetype": "text/x-python",
   "name": "python",
   "nbconvert_exporter": "python",
   "pygments_lexer": "ipython3",
   "version": "3.11.5"
  }
 },
 "nbformat": 4,
 "nbformat_minor": 2
}
